1 0.3998761993190962 0.18012999071494892 0.03466419065304855 0.044568245125348176
1 0.30207366140513775 0.2246982358402971 0.05199628597957293 0.027855153203342625
1 0.20179510987310428 0.2938718662952646 0.059424326833797565 0.036211699164345426
1 0.36521200866604775 0.4647168059424327 0.059424326833797565 0.04363974001857016
1 0.5044877746827607 0.5784586815227484 0.0755184153512844 0.04828226555246062
1 0.8498916744042091 0.5594243268337974 0.08294645620550935 0.07892293407613761
1 0.9155060352831942 0.42246982358402974 0.07799442896935929 0.04271123491179203
1 0.6691426802847416 0.1745589600742804 0.05571030640668539 0.04642525533890437
1 0.695140823274528 0.13463324048282266 0.033426183844011206 0.014856081708449374
1 0.4933457134014237 0.22609099350046427 0.04333023831631067 0.03992571959145774
0 0.03239995546860542 0.14889685417557635 0.021599970312403613 0.022394086868006688
0 0.05431757240325025 0.1808203397108199 0.01969409057895623 0.010005868600598725
