0 0.1704297159504734 0.7283321194464676 0.03641660597232338 0.0369021607186211
0 0.5375091041514931 0.6219956300072834 0.040786598689002106 0.05341102209274098
0 0.5706482155863073 0.7302743384316582 0.04442825928623449 0.07963097839281388
0 0.6267297887836853 0.7477543092983734 0.03423160961398395 0.04467103665938339
0 0.644938091769847 0.6705511046370478 0.04442825928623449 0.05535324107793158
0 0.4865258557902403 0.41417819859189126 0.0349599417334305 0.043699927166788013
0 0.8288419519300801 0.4000971109492595 0.03350327749453754 0.044671036659383316
0 0.8885651857246905 0.3029861616897305 0.036416605972323456 0.056324350570526815
0 0.3561544064093226 0.34571497936392326 0.024763292061179883 0.029133284777858676
0 0.9581209031318281 0.9831269725661568 0.029861616897305224 0.033746054867686295
